{
  "camera_angle_x": 1.0324635892103955,
  "camera_angle_y": 0.44060217652079303,
  "fl_x": 1127.6160951668166,
  "fl_y": 1607.6051355637342,
  "k1": 0.1070693950821926,
  "k2": -0.21680928569521854,
  "p1": 0.0009397629644371451,
  "p2": 0.0026586754420461238,
  "cx": 641.8420282995921,
  "cy": 372.7418514413743,
  "w": 1280.0,
  "h": 720.0,
  "aabb_scale": 16,
  "frames": [
    {
      "file_path": "./data/myimages/8.jpg",
      "sharpness": 1012.814960280937,
      "transform_matrix": [
        [
          0.025838965920930018,
          -0.5232745438910367,
          0.8517723284750243,
          2.0000000000105707
        ],
        [
          0.9923997920062677,
          0.11597405692859186,
          0.0411420824149743,
          8.416185456883163e-09
        ],
        [
          -0.12031209692318476,
          0.8442356127498717,
          0.5222941982243292,
          1.2666666660470922
        ],
        [
          0.0,
          0.0,
          0.0,
          1.0
        ]
      ]
    },
    {
      "file_path": "./data/myimages/29.jpg",
      "sharpness": 1033.2205740007457,
      "transform_matrix": [
        [
          0.697477354454284,
          -0.5459920294380832,
          0.46413149409788645,
          1.0081374632434503
        ],
        [
          0.7158322498485437,
          0.5609483329241485,
          -0.4158378985450835,
          -1.5570489598041692
        ],
        [
          -0.033309609727905726,
          0.6222778090047101,
          0.7820874620655112,
          2.3904705962247172
        ],
        [
          0.0,
          0.0,
          0.0,
          1.0
        ]
      ]
    },
    {
      "file_path": "./data/myimages/6.jpg",
      "sharpness": 995.4332485766753,
      "transform_matrix": [
        [
          -0.007284880420286133,
          -0.5005307577487876,
          0.8656881026470714,
          1.9999999998842477
        ],
        [
          0.9988146098762478,
          0.03802388156233483,
          0.03039012222240784,
          2.7212721243063953e-09
        ],
        [
          -0.04812801278903456,
          0.8648833129262921,
          0.4996604341016211,
          1.266666666448699
        ],
        [
          0.0,
          0.0,
          0.0,
          1.0
        ]
      ]
    },
    {
      "file_path": "./data/myimages/27.jpg",
      "sharpness": 941.5222601389839,
      "transform_matrix": [
        [
          0.5484937673775669,
          -0.5863796278554665,
          0.5960818057817637,
          1.47018312503754
        ],
        [
          0.8248436059137413,
          0.4963058123553826,
          -0.2707647805854382,
          -0.9395956771458199
        ],
        [
          -0.13706791357272524,
          0.6401870606770717,
          0.7558921314648483,
          2.2855294173592196
        ],
        [
          0.0,
          0.0,
          0.0,
          1.0
        ]
      ]
    },
    {
      "file_path": "./data/myimages/18.jpg",
      "sharpness": 1235.560986841607,
      "transform_matrix": [
        [
          0.8790089347355271,
          -0.3128293843526445,
          0.35983478005976477,
          -0.05064994740084661
        ],
        [
          0.47528914021696184,
          0.6350149981993592,
          -0.6089796263042707,
          -2.61127475907042
        ],
        [
          -0.03799376063164986,
          0.7063240958281216,
          0.7068682662318712,
          2.140655685384181
        ],
        [
          0.0,
          0.0,
          0.0,
          1.0
        ]
      ]
    },
    {
      "file_path": "./data/myimages/13.jpg",
      "sharpness": 1110.2930365583527,
      "transform_matrix": [
        [
          0.515728565683376,
          -0.4484502796837452,
          0.7300112281257998,
          1.5883639223195725
        ],
        [
          0.8178558840427628,
          0.5115145410217453,
          -0.2635614297653288,
          -1.2556579736219542
        ],
        [
          -0.2552171614033795,
          0.7329701364823019,
          0.6305703605073087,
          1.865871093261125
        ],
        [
          0.0,
          0.0,
          0.0,
          1.0
        ]
      ]
    },
    {
      "file_path": "./data/myimages/12.jpg",
      "sharpness": 1145.2836926503878,
      "transform_matrix": [
        [
          0.41250254401177355,
          -0.4696482574945977,
          0.7805588801724715,
          1.877785922265923
        ],
        [
          0.8591415886821644,
          0.4854344773163834,
          -0.16195400220203351,
          -0.9810272234637197
        ],
        [
          -0.30284877708272395,
          0.7374170342925757,
          0.6037373069097526,
          1.809317799193663
        ],
        [
          0.0,
          0.0,
          0.0,
          1.0
        ]
      ]
    },
    {
      "file_path": "./data/myimages/17.jpg",
      "sharpness": 1246.5908610229299,
      "transform_matrix": [
        [
          0.8220013078835398,
          -0.33948064728861427,
          0.4572381654611232,
          0.299696124742878
        ],
        [
          0.5624894147449767,
          0.6094560087558147,
          -0.5587208888982819,
          -2.353548785350148
        ],
        [
          -0.08899161835590835,
          0.7164609295055356,
          0.6919279069053802,
          2.0923088116485005
        ],
        [
          0.0,
          0.0,
          0.0,
          1.0
        ]
      ]
    },
    {
      "file_path": "./data/myimages/21.jpg",
      "sharpness": 1247.1660047615708,
      "transform_matrix": [
        [
          0.9730000037584505,
          -0.22647080025191024,
          0.0445193140031897,
          -1.1251756669232131
        ],
        [
          0.18957833704335067,
          0.6741734244641697,
          -0.7138278839259029,
          -3.3103008862453946
        ],
        [
          0.13164743373850085,
          0.702994431257826,
          0.6989047022381185,
          2.1947559021589074
        ],
        [
          0.0,
          0.0,
          0.0,
          1.0
        ]
      ]
    },
    {
      "file_path": "./data/myimages/20.jpg",
      "sharpness": 1240.7306900866424,
      "transform_matrix": [
        [
          0.9566181224634176,
          -0.25713729169362604,
          0.13697511085972014,
          -0.8016587794659231
        ],
        [
          0.2780586028215693,
          0.6654389794978481,
          -0.6927296571980871,
          -3.0863956459457014
        ],
        [
          0.08697804994067321,
          0.7007648519905443,
          0.7080702232428564,
          2.1737574102669415
        ],
        [
          0.0,
          0.0,
          0.0,
          1.0
        ]
      ]
    },
    {
      "file_path": "./data/myimages/31.jpg",
      "sharpness": 1088.6369231823942,
      "transform_matrix": [
        [
          0.8201729977901211,
          -0.49956764689000116,
          0.2788340364387989,
          0.5155245668798107
        ],
        [
          0.5616159908939742,
          0.6100827855144756,
          -0.558915444044158,
          -2.181656080035002
        ],
        [
          0.10910422754479285,
          0.6150050089224365,
          0.7809386061222537,
          2.4394688949895693
        ],
        [
          0.0,
          0.0,
          0.0,
          1.0
        ]
      ]
    },
    {
      "file_path": "./data/myimages/0.jpg",
      "sharpness": 153.57660155887842,
      "transform_matrix": [
        [
          0.03987846005790974,
          -0.5719257033855302,
          0.8193355223779671,
          2.0000000007422924
        ],
        [
          0.9715287988054917,
          -0.16945994941601933,
          -0.16557511478322684,
          4.873333622062992e-09
        ],
        [
          0.23354122016245507,
          0.8026109364760033,
          0.5488844897919278,
          1.266666666808555
        ],
        [
          0.0,
          0.0,
          0.0,
          1.0
        ]
      ]
    },
    {
      "file_path": "./data/myimages/14.jpg",
      "sharpness": 1170.6685278733576,
      "transform_matrix": [
        [
          0.6141928223522267,
          -0.4287745347557203,
          0.6625100567659497,
          1.249388930691036
        ],
        [
          0.7629012583953487,
          0.5373545680719608,
          -0.3594881612946246,
          -1.5599731520012121
        ],
        [
          -0.2018634362875052,
          0.726224804394075,
          0.6571519509009983,
          1.9260049990830368
        ],
        [
          0.0,
          0.0,
          0.0,
          1.0
        ]
      ]
    },
    {
      "file_path": "./data/myimages/4.jpg",
      "sharpness": 995.406930199422,
      "transform_matrix": [
        [
          0.001629249332048971,
          -0.5062598534146733,
          0.862379444541188,
          2.000000000676692
        ],
        [
          0.9988407137820832,
          -0.04066533306833009,
          -0.02575964242260364,
          -2.515646999740051e-09
        ],
        [
          0.0481100201404307,
          0.8614216688167277,
          0.5056066993771858,
          1.2666666670815439
        ],
        [
          0.0,
          0.0,
          0.0,
          1.0
        ]
      ]
    },
    {
      "file_path": "./data/myimages/2.jpg",
      "sharpness": 283.06523754338406,
      "transform_matrix": [
        [
          -0.035768053293230906,
          -0.5270860713283535,
          0.8490588435292659,
          2.000000000580697
        ],
        [
          0.9934529200058935,
          -0.11099309080697745,
          -0.027052347862580917,
          5.242638219382645e-09
        ],
        [
          0.108498581075407,
          0.8425323775409204,
          0.5276052034427517,
          1.2666666667301298
        ],
        [
          0.0,
          0.0,
          0.0,
          1.0
        ]
      ]
    },
    {
      "file_path": "./data/myimages/19.jpg",
      "sharpness": 1168.1995031843664,
      "transform_matrix": [
        [
          0.9261736154734801,
          -0.284392027203943,
          0.24763604112409293,
          -0.40269043260353954
        ],
        [
          0.3762031392373041,
          0.6516294875958332,
          -0.6586730667968668,
          -2.8384847615325475
        ],
        [
          0.02595442214304569,
          0.7032070717494414,
          0.7105112118839482,
          2.1591311171666705
        ],
        [
          0.0,
          0.0,
          0.0,
          1.0
        ]
      ]
    },
    {
      "file_path": "./data/myimages/32.jpg",
      "sharpness": 1080.7126131941432,
      "transform_matrix": [
        [
          0.8584802349279492,
          -0.4733930433777595,
          0.19725798518588697,
          0.27271516334123924
        ],
        [
          0.4860004573159021,
          0.6281400968703799,
          -0.6076541567309514,
          -2.4606844940858483
        ],
        [
          0.16375360065289224,
          0.6175265542348868,
          0.7693150935007065,
          2.460538016114522
        ],
        [
          0.0,
          0.0,
          0.0,
          1.0
        ]
      ]
    },
    {
      "file_path": "./data/myimages/1.jpg",
      "sharpness": 287.16841797975957,
      "transform_matrix": [
        [
          -0.06692412059253916,
          -0.5370108209150563,
          0.8409164883049046,
          2.0000000006700613
        ],
        [
          0.9893580204066887,
          -0.14484917398761454,
          -0.013763148334020195,
          5.112013465313758e-09
        ],
        [
          0.1291970183087589,
          0.8310463855978455,
          0.5409898663051679,
          1.2666666667788735
        ],
        [
          0.0,
          0.0,
          0.0,
          1.0
        ]
      ]
    },
    {
      "file_path": "./data/myimages/15.jpg",
      "sharpness": 1204.6812912261917,
      "transform_matrix": [
        [
          0.6939273419001181,
          -0.40157410639916885,
          0.5976646896321931,
          0.9163326255952056
        ],
        [
          0.7022397655626456,
          0.5608831156410361,
          -0.43848539571042117,
          -1.8527896386311196
        ],
        [
          -0.15913565227803902,
          0.723980916639737,
          0.671213435887222,
          1.985690753064376
        ],
        [
          0.0,
          0.0,
          0.0,
          1.0
        ]
      ]
    },
    {
      "file_path": "./data/myimages/9.jpg",
      "sharpness": 1039.4711683247874,
      "transform_matrix": [
        [
          0.04536190988360114,
          -0.5304738635771483,
          0.8464867259403689,
          2.000000001155922
        ],
        [
          0.987748568193201,
          0.1504715551336091,
          0.04136516805181179,
          1.1150184664465712e-08
        ],
        [
          -0.149315314566167,
          0.8342396485166639,
          0.5308004763362598,
          1.2666666662263333
        ],
        [
          0.0,
          0.0,
          0.0,
          1.0
        ]
      ]
    },
    {
      "file_path": "./data/myimages/10.jpg",
      "sharpness": 1082.4830370810002,
      "transform_matrix": [
        [
          0.07270560544141863,
          -0.5431014665104618,
          0.8365134141253098,
          2.000000002010784
        ],
        [
          0.9831270661629452,
          0.18018512023965322,
          0.03153560245280801,
          1.3324729309510674e-08
        ],
        [
          -0.16785430204566265,
          0.8201061635656738,
          0.5470382196577821,
          1.2666666666335045
        ],
        [
          0.0,
          0.0,
          0.0,
          1.0
        ]
      ]
    },
    {
      "file_path": "./data/myimages/16.jpg",
      "sharpness": 1172.1618006855422,
      "transform_matrix": [
        [
          0.7580959385142021,
          -0.37056673698974296,
          0.5366291470327021,
          0.5934637573902115
        ],
        [
          0.6393781342958406,
          0.5843527827701588,
          -0.49972735231638254,
          -2.1235821951338827
        ],
        [
          -0.1283984010517308,
          0.721950218994043,
          0.6799277402061285,
          2.032439335854005
        ],
        [
          0.0,
          0.0,
          0.0,
          1.0
        ]
      ]
    },
    {
      "file_path": "./data/myimages/22.jpg",
      "sharpness": 1092.389092528374,
      "transform_matrix": [
        [
          0.11526971901241621,
          -0.6664329074746245,
          0.736600347348355,
          2.556189903495789
        ],
        [
          0.9286033313702934,
          0.3356049988155612,
          0.15831973262357624,
          0.9235759358470687
        ],
        [
          -0.3527162384223218,
          0.6657600653425572,
          0.6575369119283587,
          1.9042919966417584
        ],
        [
          0.0,
          0.0,
          0.0,
          1.0
        ]
      ]
    },
    {
      "file_path": "./data/myimages/11.jpg",
      "sharpness": 1194.9408519941494,
      "transform_matrix": [
        [
          0.35521190151770515,
          -0.48921194534603674,
          0.7965526834748111,
          2.2736603709868763
        ],
        [
          0.8837853413515315,
          0.45336950540610743,
          -0.11567005654004936,
          -0.49242843618673027
        ],
        [
          -0.30454552275863905,
          0.7450689660015158,
          0.593400590216339,
          1.6370494574586194
        ],
        [
          0.0,
          0.0,
          0.0,
          1.0
        ]
      ]
    },
    {
      "file_path": "./data/myimages/25.jpg",
      "sharpness": 1036.4587598185112,
      "transform_matrix": [
        [
          0.382608319844652,
          -0.6304594671605024,
          0.675375254102005,
          1.8727809615513165
        ],
        [
          0.8952130624461109,
          0.43375050311342767,
          -0.10224516553218438,
          -0.3138614909211536
        ],
        [
          -0.2284829236759454,
          0.6437246005214837,
          0.7303521015728978,
          2.181817766610675
        ],
        [
          0.0,
          0.0,
          0.0,
          1.0
        ]
      ]
    },
    {
      "file_path": "./data/myimages/24.jpg",
      "sharpness": 1073.8444722828758,
      "transform_matrix": [
        [
          0.27383554922861936,
          -0.6472735529676524,
          0.711372644685816,
          2.092621775566382
        ],
        [
          0.9164541524385368,
          0.39998395694569444,
          0.011163362586077266,
          0.0524729552080518
        ],
        [
          -0.29176339464851253,
          0.6488834886285031,
          0.702726361913711,
          2.116900237425818
        ],
        [
          0.0,
          0.0,
          0.0,
          1.0
        ]
      ]
    },
    {
      "file_path": "./data/myimages/23.jpg",
      "sharpness": 1133.287235859754,
      "transform_matrix": [
        [
          0.1688122501118631,
          -0.6574227148517515,
          0.7343689796070654,
          2.3084854292189783
        ],
        [
          0.9208939044120569,
          0.3707996350745437,
          0.1202582531276042,
          0.40114817879225334
        ],
        [
          -0.3513642569028436,
          0.6559748506044559,
          0.6680120914665951,
          2.0632843626063924
        ],
        [
          0.0,
          0.0,
          0.0,
          1.0
        ]
      ]
    },
    {
      "file_path": "./data/myimages/3.jpg",
      "sharpness": 262.6762730486081,
      "transform_matrix": [
        [
          -0.015238043842121685,
          -0.517030623795826,
          0.8558312544404794,
          2.0000000005033884
        ],
        [
          0.9962891562795066,
          -0.08036509712476991,
          -0.03081181987476512,
          5.3716875531018005e-09
        ],
        [
          0.08470961633565721,
          0.85218588654203,
          0.5163366108255739,
          1.2666666666916113
        ],
        [
          0.0,
          0.0,
          0.0,
          1.0
        ]
      ]
    },
    {
      "file_path": "./data/myimages/28.jpg",
      "sharpness": 960.4637159062597,
      "transform_matrix": [
        [
          0.6186784077261579,
          -0.5670776413334131,
          0.5437462427577396,
          1.230391787057496
        ],
        [
          0.7795821701390899,
          0.528927759337769,
          -0.33539091431217066,
          -1.2607028223919456
        ],
        [
          -0.0974097932173791,
          0.6313939927665292,
          0.7693198022173143,
          2.3438528216229884
        ],
        [
          0.0,
          0.0,
          0.0,
          1.0
        ]
      ]
    },
    {
      "file_path": "./data/myimages/5.jpg",
      "sharpness": 992.6178133533323,
      "transform_matrix": [
        [
          -2.7755575615628914e-17,
          -0.49999999999999994,
          0.8660254037844387,
          1.9999999999999996
        ],
        [
          1.0,
          1.1102230246251565e-16,
          -1.0408340855860843e-17,
          -5.551115123125783e-17
        ],
        [
          0.0,
          0.8660254037844388,
          0.5,
          1.2666666666666664
        ],
        [
          0.0,
          0.0,
          0.0,
          1.0
        ]
      ]
    },
    {
      "file_path": "./data/myimages/26.jpg",
      "sharpness": 949.8073540847165,
      "transform_matrix": [
        [
          0.47482529406492374,
          -0.6085705082496965,
          0.635753786150633,
          1.6628841507658216
        ],
        [
          0.8625051337036613,
          0.4654265790526267,
          -0.19865294824441534,
          -0.6188279961960184
        ],
        [
          -0.1750023841294398,
          0.6426663488934794,
          0.7458914998503046,
          2.224390381760399
        ],
        [
          0.0,
          0.0,
          0.0,
          1.0
        ]
      ]
    },
    {
      "file_path": "./data/myimages/30.jpg",
      "sharpness": 983.3215993489853,
      "transform_matrix": [
        [
          0.7634776925320416,
          -0.5243550877056388,
          0.37703256491072656,
          0.7611972267876779
        ],
        [
          0.6447125054476107,
          0.5844013913424722,
          -0.49276850459059124,
          -1.863117293461544
        ],
        [
          0.0380473169279263,
          0.619295370396223,
          0.784235708113569,
          2.416082539762897
        ],
        [
          0.0,
          0.0,
          0.0,
          1.0
        ]
      ]
    },
    {
      "file_path": "./data/myimages/7.jpg",
      "sharpness": 1004.9809186213917,
      "transform_matrix": [
        [
          0.006395703303512912,
          -0.512900126328128,
          0.8584244610866139,
          1.9999999997292859
        ],
        [
          0.996229406972274,
          0.0775437969064271,
          0.03890923084572947,
          5.134211611412809e-09
        ],
        [
          -0.08652204148611456,
          0.8549388399025543,
          0.5114621358059165,
          1.266666666204584
        ],
        [
          0.0,
          0.0,
          0.0,
          1.0
        ]
      ]
    }
  ]
}