{
  "camera_angle_x": 1.0913812134574468,
  "camera_angle_y": 0.6533763769966493,
  "fl_x": 1054.0331730849716,
  "fl_y": 1062.4838400504648,
  "k1": 0.09950379332305262,
  "k2": -0.16803507663029782,
  "p1": -0.000482726545928827,
  "p2": -0.0003682012970601677,
  "cx": 638.3140106603126,
  "cy": 360.25188005762607,
  "w": 1280.0,
  "h": 720.0,
  "aabb_scale": 16,
  "frames": [
    {
      "file_path": "./data/myimages/16.jpg",
      "sharpness": 963.3820928465103,
      "transform_matrix": [
        [
          5.551115123125783e-17,
          -0.5,
          0.8660254037844388,
          2.0000000000000004
        ],
        [
          1.0,
          4.336808689942018e-19,
          8.156927282058912e-18,
          1.8041124150158794e-16
        ],
        [
          2.1250362580715887e-17,
          0.8660254037844388,
          0.49999999999999994,
          1.2666666666666668
        ],
        [
          0.0,
          0.0,
          0.0,
          1.0
        ]
      ]
    },
    {
      "file_path": "./data/myimages/20.jpg",
      "sharpness": 935.9382986081679,
      "transform_matrix": [
        [
          0.43452985712421416,
          -0.49058781719360195,
          0.7553194005775483,
          1.8708600281211942
        ],
        [
          0.8994219407669868,
          0.1924522863829239,
          -0.3924312550408443,
          -1.4920423679658998
        ],
        [
          0.04715904721850478,
          0.8498739383503897,
          0.5248717111621094,
          1.2646507043461555
        ],
        [
          0.0,
          0.0,
          0.0,
          1.0
        ]
      ]
    },
    {
      "file_path": "./data/myimages/15.jpg",
      "sharpness": 1001.502853858025,
      "transform_matrix": [
        [
          -0.09681452606132225,
          -0.507659328448762,
          0.8561010184449459,
          2.010012484543638
        ],
        [
          0.9952718235136416,
          -0.056125823570913724,
          0.07927098616970238,
          0.3595146102910618
        ],
        [
          0.007806719115738298,
          0.8597278046960205,
          0.5106928205577296,
          1.2701474404483848
        ],
        [
          0.0,
          0.0,
          0.0,
          1.0
        ]
      ]
    },
    {
      "file_path": "./data/myimages/14.jpg",
      "sharpness": 858.8896398695016,
      "transform_matrix": [
        [
          -0.20450942101911065,
          -0.50810295689412,
          0.8366643782962677,
          1.9952259690416505
        ],
        [
          0.9788640358932668,
          -0.10706953568227345,
          0.1742449820325626,
          0.7534526123837434
        ],
        [
          0.0010468759113713838,
          0.8546154104181797,
          0.5192604397858478,
          1.2850310190476406
        ],
        [
          0.0,
          0.0,
          0.0,
          1.0
        ]
      ]
    },
    {
      "file_path": "./data/myimages/11.jpg",
      "sharpness": 914.386149558822,
      "transform_matrix": [
        [
          -0.48165357646353735,
          -0.47413598109246746,
          0.7370243576119901,
          1.9011888435357904
        ],
        [
          0.8762903987848372,
          -0.24983878970618073,
          0.4119413989339533,
          2.1184034142709005
        ],
        [
          -0.01117896584639877,
          0.8442604163358802,
          0.5358165545510617,
          1.2923862444779355
        ],
        [
          0.0,
          0.0,
          0.0,
          1.0
        ]
      ]
    },
    {
      "file_path": "./data/myimages/21.jpg",
      "sharpness": 1007.6470666291402,
      "transform_matrix": [
        [
          0.5194944369323372,
          -0.473944074554445,
          0.7109870211129627,
          1.8904387409810441
        ],
        [
          0.8527440799191272,
          0.23464281162818434,
          -0.4666586387436779,
          -1.8809015054351612
        ],
        [
          0.05434210300711681,
          0.8487165399271719,
          0.5260486390960563,
          1.2666848799731392
        ],
        [
          0.0,
          0.0,
          0.0,
          1.0
        ]
      ]
    },
    {
      "file_path": "./data/myimages/19.jpg",
      "sharpness": 908.6899205896402,
      "transform_matrix": [
        [
          0.32942719573077633,
          -0.49997235795596295,
          0.8009402998931389,
          1.9431929138669446
        ],
        [
          0.94381849245771,
          0.15087093935175383,
          -0.2940146475160302,
          -1.1138725120070092
        ],
        [
          0.026160581182627624,
          0.8527986872287464,
          0.5215841476244398,
          1.2381891188846892
        ],
        [
          0.0,
          0.0,
          0.0,
          1.0
        ]
      ]
    },
    {
      "file_path": "./data/myimages/17.jpg",
      "sharpness": 988.5119631991869,
      "transform_matrix": [
        [
          0.10140594616219743,
          -0.5031947599976758,
          0.8582026961003041,
          1.9637389675578154
        ],
        [
          0.9948393733989127,
          0.05422585819416856,
          -0.08575650085191541,
          -0.34320395401642456
        ],
        [
          -0.0033845558361682362,
          0.8624700515461314,
          0.5060967841903412,
          1.2664649219112996
        ],
        [
          0.0,
          0.0,
          0.0,
          1.0
        ]
      ]
    },
    {
      "file_path": "./data/myimages/18.jpg",
      "sharpness": 921.9271939145299,
      "transform_matrix": [
        [
          0.21091182746501286,
          -0.5031747846793705,
          0.8380521088203512,
          1.9559621425781804
        ],
        [
          0.9774845865174675,
          0.10301256408668649,
          -0.1841529113564655,
          -0.7256413407488931
        ],
        [
          0.006331204952029573,
          0.8580230461375468,
          0.5135721644917102,
          1.2567407218122033
        ],
        [
          0.0,
          0.0,
          0.0,
          1.0
        ]
      ]
    },
    {
      "file_path": "./data/myimages/13.jpg",
      "sharpness": 881.7702598995206,
      "transform_matrix": [
        [
          -0.32628111560046963,
          -0.4969799959058864,
          0.8040842724938089,
          1.9994985624063437
        ],
        [
          0.9451339943478457,
          -0.15694198784707736,
          0.2865151744300718,
          1.139738377749396
        ],
        [
          -0.016197726093481968,
          0.8534518710038619,
          0.5209198955208062,
          1.2969470106678516
        ],
        [
          0.0,
          0.0,
          0.0,
          1.0
        ]
      ]
    },
    {
      "file_path": "./data/myimages/12.jpg",
      "sharpness": 891.7416412307548,
      "transform_matrix": [
        [
          -0.4330335715983266,
          -0.4863154047764996,
          0.7589329699952866,
          1.9919093805192856
        ],
        [
          0.9006371832714719,
          -0.1993159686250615,
          0.3861681094547854,
          1.5229393218259804
        ],
        [
          -0.036532040425174606,
          0.8507470080629861,
          0.5243042421097227,
          1.3193797817103652
        ],
        [
          0.0,
          0.0,
          0.0,
          1.0
        ]
      ]
    }
  ]
}